2603
2618
2385
3005
3406
4763
6278
6191
6176
4766
6670
3413
2548
6412
2072
2393
6757
6605
2520
3617
2727
4961
3592
8114
1712
4536
9802
3705
1707
2373
1307
2753
5306
1720
6192
6790
6115
4137
2387
3679
2459
9943
5519
2228
2433
5258
5225
9924
8467
6625
6201
2748
1730
3168
2248
6754
6887
8481
1446
6807
1475
4581
6771
2496
6121
3217
3078
3218
5511
3689
3611
5287
6509
6186
4107
6143
1268
1580
4126
5312
6203
3303
4974
6690
5520
2752
4933
8446
8924
5209
6523
6629
9951
6703
2718
6266
6122
4417
6498
1777
4527
8284
8433
3570
8930
3158
7811
4305
7708
7718
7757
1294
4138
6556
6637
6846
6590
5212
8401
6470
3684
2756
4584
7715
4754
8410
8426
3118
2751
7753
4550
6482
6910
6294
2941
8119
7936
7561
4553
4559
6755
2938
6972
4170
8458
6549
7847
7891
7724
6536
7607
6816
7831
2741
7919
4115
7826
6565
4738
6793
7595
5240
6784
6758
4765
6797
1293
6621
6428
6963
7558
7706
6882
6559
7575
6984
6673
6639
6473
7745
1594
6848
4197
2733
6734
7748
2761
6622
7904
6744
7779
7443
6583
7516
7551
3603
2760
7834
